1 1
2 42
3 246
4 287
5 728
6 1434
7 1673
8 1880
9 4264
10 6237
11 9799
12 9855
13 18330
14 21352
15 21385
16 24856
17 36531
18 39990
19 46655
20 57270
21 66815
22 92664
23 125255
24 156570
25 182665
26 208182
27 212949
28 242879
29 273265
30 380511
31 391345
32 411558
33 539560
34 627215
35 693160
36 730145
37 741096
38 773224
39 814463
40 931722
41 992680
42 1069895
43 1087009
44 1143477
45 1166399
46 1422577
47 1592935
48 1815073
49 2281255
50 2544697
51 2713880
52 2722005
53 2828385
54 3054232
55 3132935
56 3145240
57 3188809
58 3508456
59 4026280
60 4647985
61 4730879
62 5024488
63 5054015
64 5143945
65 5260710
66 5938515
67 6128024
68 6236705
69 6366767
70 6956927
71 6996904
72 7133672
73 7174440
74 7538934
75 7736646
76 7818776
77 8292583
78 8429967
79 8504595
80 8795423
81 9026087
82 9963071
83 11477130
84 11538505
85 11725560
86 12158135
87 12939480
88 12948776
89 13495720
90 13592118
91 13736408
92 15203889
93 15857471
94 16149848
95 16436490
96 16487415
97 16909849
98 18391401
99 18422120
100 20549528
101 20813976
102 20871649
103 21251412
104 22713455
105 23250645
106 23630711
107 24738935
108 26338473
109 26343030
110 26594568
111 28113048
112 29429144
113 29778762
114 29973414
115 30666090
116 30915027
117 34207446
118 34741889
119 34968983
120 35721896
121 37113593
122 37343065
123 38598255
124 39256230
125 42021720
126 44935590
127 45795688
128 45798935
129 48988758
130 49375521
131 51516049
132 51912289
133 52867081
134 56215914
135 59748234
136 61116363
137 62158134
138 63286535
139 65585233
140 66903270
141 68219814
142 68678280
143 72006543
144 72517823
145 74955321
146 76233066
147 79046360
148 79589783
149 80456104
150 83597345
151 86369945
152 89718065
153 92879473
154 95812710
155 96569145
156 100855640
157 101793832
158 104475337
159 106567720
160 106877274
161 107034264
162 107328918
163 107593496
164 107721063
165 109206657
166 109523478
167 111472314
168 118016695
169 118505377
170 118959366
171 119788712
172 121960122
173 124472556
174 125217071
175 126250566
176 127777391
177 129896070
178 130051033
179 131583270
180 133172424
181 133929978
182 134101864
183 138785927
184 142286809
185 147186585
186 147292327
187 149978456
188 151545415
189 154268199
190 154294890
191 155026872
192 169215360
193 171550376
194 174962166
195 179615670
196 180010705
197 185248647
198 193207815
199 195005097
200 195215370
201 196865610
202 197605784
203 198696918
204 198936920
205 200357898
206 203488207
207 204122527
208 204818329
209 205534055
210 209228248
211 209551615
212 210423960
213 212268630
214 212306335
215 212694552
216 216045690
217 221915288
218 223622168
219 228042726
220 229676545
221 231255505
222 233750881
223 235238904
224 235596712
225 236729545
226 236758977
227 240505335
228 244955880
229 245144680
230 247248153
231 257966857
232 261941610
233 266049847
234 266955352
235 267404214
236 268250905
237 272618920
238 273243672
239 274566198
240 277012008
241 281374120
242 284899160
243 286934154
244 287823159
245 288044999
246 292190934
247 300300871
248 308176399
249 313203295
250 319785921
251 320327231
252 328177899
253 328605312
254 330614591
255 331182865
256 334756513
257 348288486
258 349528472
259 360111640
260 362683866
261 366764135
262 368575255
263 373402520
264 374019414
265 377486865
266 380046760
267 380061928
268 380370295
269 384142079
270 386824664
271 391314456
272 391862010
273 400344120
274 418448982
275 421752609
276 423131177
277 423580487
278 424747249
279 434373416
280 436355983
281 438747961
282 439024023
283 446507958
284 446554943
285 446576328
286 451070495
287 453993270
288 456612520
289 457172345
290 459135832
291 460782440
292 466168729
293 469000216
294 474401785
295 484617210
296 489322728
297 505329905
298 510641670
299 513994136
300 519539176
301 520925951
302 529658815
303 540488663
304 541419367
305 561188730
306 568975679
307 570154201
308 594757485
309 596221016
310 599762137
311 611410545
312 624182360
313 625995462
314 626696595
315 627934977
316 636594903
317 639545544
318 639669407
319 654720185
320 668669568
321 703667910
322 710213658
323 715360680
324 725583924
325 730328039
326 733414273
327 736095128
328 748410433
329 753668934
330 761727479
331 770702010
332 772325670
333 778883560
334 780009912
335 781215435
336 784447014
337 812889001
338 820945895
339 825820785
340 832451256
341 833394167
342 857394473
343 862092855
344 862712201
345 863592435
346 867695576
347 868529910
348 871625853
349 876564584
350 876609258
351 879280423
352 887623145
353 899152345
354 899270721
355 899426310
356 900883583
357 901046615
358 908014536
359 914291752
360 915188183
361 953965110
362 974409176
363 983342490
364 992489862
365 995218488
366 996177560
367 1003293114
368 1013284895
369 1018968151
370 1019758040
371 1027042026
372 1027545623
373 1034987855
374 1037656620
375 1039035270
376 1049036586
377 1049330695
378 1069811496
379 1077407656
380 1106572505
381 1107650727
382 1113621912
383 1119531699
384 1137142609
385 1142172711
386 1143404310
387 1147232905
388 1148891931
389 1155542360
390 1159656680
391 1163796234
392 1167939942
393 1170508633
394 1186187353
395 1193940991
396 1195574801
397 1198215697
398 1198600518
399 1217514753
400 1223876017
401 1235002977
402 1239853608
403 1243287690
404 1249339432
405 1265410470
406 1293603752
407 1309786984
408 1333971695
409 1345248335
410 1357762273
411 1362596599
412 1386731151
413 1390302143
414 1398367271
415 1408674105
416 1415326735
417 1426633880
418 1436824122
419 1446944680
420 1450502305
421 1462289946
422 1476312215
423 1480724120
424 1482214415
425 1534229430
426 1558291961
427 1558770906
428 1563706495
429 1568408730
430 1587159576
431 1596767960
432 1622498904
433 1660753640
434 1666017585
435 1672616166
436 1676294809
437 1681515423
438 1700159999
439 1704353805
440 1706004937
441 1711404042
442 1717812360
443 1739850841
444 1748448504
445 1759808346
446 1769082090
447 1789934335
448 1801794966
449 1832235687
450 1852539416
451 1860367912
452 1871687514
453 1873031823
454 1876202353
455 1880213665
456 1898406952
457 1908114294
458 1913037021
459 1924688256
460 1926656394
461 1932186776
462 1951385527
463 1992292713
464 1996638049
465 2008111448
466 2018429523
467 2039975418
468 2043576920
469 2053109737
470 2061962344
471 2063929105
472 2091537673
473 2102094127
474 2109225320
475 2113975448
476 2149736760
477 2163674058
478 2180316138
479 2183635433
480 2205615985
481 2210994495
482 2220417402
483 2226133343
484 2239267241
485 2242595545
486 2247765793
487 2251531880
488 2259582870
489 2328258856
490 2334342097
491 2379971321
492 2389810527
493 2390160630
494 2393572545
495 2428276591
496 2440818765
497 2449207368
498 2450915466
499 2458509111
500 2475965671
